-3.141592653   0.40005  1.4415764   3.141592653    2.3845  1.57079632679489 0 0 30 99 0 30 1
#-0.2773500    0.72264        1.461041     0.27735    1.2773500          1.57079632679489    1 0 0 0 0 0 1
#-0.13867500    0.861325    1.47138675    0.13867500    1.13867500     1.57079632679489    2 0 0 0 0 0 1
#-0.0693375    0.9306625    1.5014588 0.0693375        1.0693375    1.57079632679489    3 0 0 0 0 0 1
#-0.03466875    0.96533125    1.5361276 0.03466875        1.03468875           1.57079632679489    4 0 0 0 0 0 1
#-0.017334375    0.98266562    1.553462 0.01733475        1.017334375           1.57079632679489    5 0 0 0 0 0 1
#-0.0086671875    0.99133281 1.5621291    0.0086671875    1.0086671875   1.57079632679489    6 0 0 0 0 0 1
#-0.0043335938    0.99566641 1.566462737    0.0043335938    1.0043335938  1.57079632679489    7 0 0 0 0 0 1
#-0.0021667965    0.9978332 1.5686295    0.0021667965    1.0021667965 1.57079632679489    8 0 0 0 0 0 1
#-0.00195312    0.998047 1.57079632679489    0.00195312    1.00195312 1.57079632679489    9 0 0 0 0 0 1
